{
   "configuration" : {
      "default_parameters" : {
         "absolute_regularization" : 0.030000000000000006,
         "covariance_mode" : 0,
         "gaussians" : 2,
         "relative_regularization" : 0.10000000000000001
      },
      "multiClass_regression_estimator" : 0,
      "multithreading" : 2
   },
   "models" : [
      {
         "components" : [
            {
               "bimodal" : false,
               "covariance" : [
                  0.030000113838975283,
                  5.5398631846981063e-08,
                  3.904872496983996e-07,
                  1.7864680864897773e-07,
                  5.5398631846981063e-08,
                  0.030000063783022737,
                  1.7810178029429743e-07,
                  6.9619670722930409e-08,
                  3.904872496983996e-07,
                  1.7810178029429743e-07,
                  0.030001365115608709,
                  6.0253899987699787e-07,
                  1.7864680864897773e-07,
                  6.9619670722930409e-08,
                  6.0253899987699787e-07,
                  0.030000302868684409
               ],
               "covariance_determinant" : 8.1004983148676908e-07,
               "covariance_determinant_input" : 0,
               "covariance_mode" : 0,
               "dimension" : 4,
               "dimension_input" : 0,
               "inverse_covariance" : [
                  33.333206853005663,
                  -6.1550634703936725e-05,
                  -0.00043384898188353739,
                  -0.00019848484051388705,
                  -6.1550634703936725e-05,
                  33.333262464926655,
                  -0.00019787908730394194,
                  -7.7349903479129436e-05,
                  -0.00043384898188353745,
                  -0.00019787908730394192,
                  33.331816627495947,
                  -0.0006694475139371373,
                  -0.00019848484051388711,
                  -7.7349903479129449e-05,
                  -0.00066944751393713741,
                  33.332996830777148
               ],
               "inverse_covariance_input" : [],
               "mean" : [
                  0.95840053996820562,
                  -0.10049902998853004,
                  -0.17607307690998603,
                  -0.20088986949674015
               ],
               "output_covariance" : []
            },
            {
               "bimodal" : false,
               "covariance" : [
                  0.030000113838975283,
                  5.5398631846980971e-08,
                  3.9048724969839965e-07,
                  1.7864680864897755e-07,
                  5.5398631846980971e-08,
                  0.030000063783022737,
                  1.7810178029429729e-07,
                  6.9619670722930409e-08,
                  3.9048724969839965e-07,
                  1.7810178029429729e-07,
                  0.030001365115608709,
                  6.0253899987699691e-07,
                  1.7864680864897755e-07,
                  6.9619670722930409e-08,
                  6.0253899987699691e-07,
                  0.030000302868684409
               ],
               "covariance_determinant" : 8.1004983148676908e-07,
               "covariance_determinant_input" : 0,
               "covariance_mode" : 0,
               "dimension" : 4,
               "dimension_input" : 0,
               "inverse_covariance" : [
                  33.333206853005663,
                  -6.1550634703936617e-05,
                  -0.00043384898188353745,
                  -0.00019848484051388686,
                  -6.1550634703936617e-05,
                  33.333262464926655,
                  -0.00019787908730394175,
                  -7.7349903479129436e-05,
                  -0.0004338489818835375,
                  -0.00019787908730394178,
                  33.331816627495947,
                  -0.00066944751393713633,
                  -0.00019848484051388686,
                  -7.7349903479129449e-05,
                  -0.00066944751393713622,
                  33.332996830777148
               ],
               "inverse_covariance_input" : [],
               "mean" : [
                  0.95840053996820562,
                  -0.10049902998853004,
                  -0.17607307690998603,
                  -0.20088986949674015
               ],
               "output_covariance" : []
            }
         ],
         "label" : "1",
         "mixture_coeffs" : [ 0.49998831748962402, 0.50001168251037598 ],
         "parameters" : {
            "absolute_regularization" : 0.030000000000000006,
            "covariance_mode" : 0,
            "gaussians" : 2,
            "relative_regularization" : 0.10000000000000001
         }
      },
      {
         "components" : [
            {
               "bimodal" : false,
               "covariance" : [
                  0.030000165492730636,
                  7.9571506732168928e-08,
                  1.880170099655806e-07,
                  3.4128627887677228e-07,
                  7.9571506732168928e-08,
                  0.030000078291959907,
                  8.2459902286025239e-08,
                  6.436056423604055e-08,
                  1.880170099655806e-07,
                  8.2459902286025239e-08,
                  0.030000341938415821,
                  3.7368822780445719e-07,
                  3.4128627887677228e-07,
                  6.436056423604055e-08,
                  3.7368822780445719e-07,
                  0.030000963999799613
               ],
               "covariance_determinant" : 8.1004184283545086e-07,
               "covariance_determinant_input" : 0,
               "covariance_mode" : 0,
               "dimension" : 4,
               "dimension_input" : 0,
               "inverse_covariance" : [
                  33.333149459393304,
                  -8.8410679135857932e-05,
                  -0.00020889928914193787,
                  -0.00037918990832925485,
                  -8.8410679135857932e-05,
                  33.333246343133531,
                  -9.1619385468925908e-05,
                  -7.1507106639635129e-05,
                  -0.00020889928914193784,
                  -9.1619385468925908e-05,
                  33.332953412823272,
                  -0.00041518849518546336,
                  -0.0003791899083292549,
                  -7.1507106639635129e-05,
                  -0.00041518849518546347,
                  33.332262266500663
               ],
               "inverse_covariance_input" : [],
               "mean" : [
                  0.79815042079711451,
                  -0.55270650496288221,
                  -0.047781504652633963,
                  -0.23487943730183991
               ],
               "output_covariance" : []
            },
            {
               "bimodal" : false,
               "covariance" : [
                  0.030000165492730636,
                  7.9571506732168928e-08,
                  1.8801700996558073e-07,
                  3.412862788767718e-07,
                  7.9571506732168928e-08,
                  0.030000078291959907,
                  8.2459902286025239e-08,
                  6.4360564236040563e-08,
                  1.8801700996558073e-07,
                  8.2459902286025239e-08,
                  0.030000341938415821,
                  3.7368822780445729e-07,
                  3.412862788767718e-07,
                  6.4360564236040563e-08,
                  3.7368822780445729e-07,
                  0.030000963999799613
               ],
               "covariance_determinant" : 8.1004184283545086e-07,
               "covariance_determinant_input" : 0,
               "covariance_mode" : 0,
               "dimension" : 4,
               "dimension_input" : 0,
               "inverse_covariance" : [
                  33.333149459393304,
                  -8.8410679135857932e-05,
                  -0.00020889928914193803,
                  -0.00037918990832925436,
                  -8.8410679135857932e-05,
                  33.333246343133531,
                  -9.1619385468925908e-05,
                  -7.1507106639635143e-05,
                  -0.00020889928914193803,
                  -9.1619385468925908e-05,
                  33.332953412823272,
                  -0.00041518849518546347,
                  -0.00037918990832925436,
                  -7.1507106639635143e-05,
                  -0.00041518849518546358,
                  33.332262266500663
               ],
               "inverse_covariance_input" : [],
               "mean" : [
                  0.79815042079711407,
                  -0.55270650496288221,
                  -0.047781504652633956,
                  -0.23487943730184033
               ],
               "output_covariance" : []
            }
         ],
         "label" : "2",
         "mixture_coeffs" : [ 0.49999433755874634, 0.50000566244125366 ],
         "parameters" : {
            "absolute_regularization" : 0.030000000000000006,
            "covariance_mode" : 0,
            "gaussians" : 2,
            "relative_regularization" : 0.10000000000000001
         }
      },
      {
         "components" : [
            {
               "bimodal" : false,
               "covariance" : [
                  0.030002180558011363,
                  -7.6364133721609166e-07,
                  2.2746923779375153e-06,
                  2.2901522420219901e-06,
                  -7.6364133721609166e-07,
                  0.030000306922840534,
                  -7.7399263521153884e-07,
                  -8.2861760917252804e-07,
                  2.2746923779375153e-06,
                  -7.7399263521153884e-07,
                  0.0300024068874018,
                  2.3648962827934279e-06,
                  2.2901522420219901e-06,
                  -8.2861760917252804e-07,
                  2.3648962827934279e-06,
                  0.030002427623152795
               ],
               "covariance_determinant" : 8.1019769435968406e-07,
               "covariance_determinant_input" : 0,
               "covariance_mode" : 0,
               "dimension" : 4,
               "dimension_input" : 0,
               "inverse_covariance" : [
                  33.330911074550592,
                  0.00084828457989022084,
                  -0.0025268271573295731,
                  -0.0025440002088172623,
                  0.00084828457989022073,
                  33.332992380641961,
                  0.00085977716077642282,
                  0.0009204697971526188,
                  -0.0025268271573295736,
                  0.00085977716077642293,
                  33.330659649368265,
                  -0.0026270225480569463,
                  -0.0025440002088172623,
                  0.00092046979715261891,
                  -0.0026270225480569459,
                  33.330636619211568
               ],
               "inverse_covariance_input" : [],
               "mean" : [
                  0.77627150128396705,
                  -0.17859327625692561,
                  -0.24653754408439893,
                  -0.55201504337653684
               ],
               "output_covariance" : []
            },
            {
               "bimodal" : false,
               "covariance" : [
                  0.030002180558011363,
                  -7.6364133721609145e-07,
                  2.2746923779375196e-06,
                  2.2901522420219905e-06,
                  -7.6364133721609145e-07,
                  0.030000306922840534,
                  -7.7399263521153905e-07,
                  -8.2861760917252836e-07,
                  2.2746923779375196e-06,
                  -7.7399263521153905e-07,
                  0.0300024068874018,
                  2.3648962827934241e-06,
                  2.2901522420219905e-06,
                  -8.2861760917252836e-07,
                  2.3648962827934241e-06,
                  0.030002427623152795
               ],
               "covariance_determinant" : 8.1019769435968406e-07,
               "covariance_determinant_input" : 0,
               "covariance_mode" : 0,
               "dimension" : 4,
               "dimension_input" : 0,
               "inverse_covariance" : [
                  33.330911074550592,
                  0.00084828457989022063,
                  -0.0025268271573295779,
                  -0.0025440002088172628,
                  0.00084828457989022052,
                  33.332992380641961,
                  0.00085977716077642304,
                  0.00092046979715261913,
                  -0.0025268271573295779,
                  0.00085977716077642314,
                  33.330659649368265,
                  -0.0026270225480569415,
                  -0.0025440002088172628,
                  0.00092046979715261924,
                  -0.0026270225480569415,
                  33.330636619211568
               ],
               "inverse_covariance_input" : [],
               "mean" : [
                  0.77627150128396705,
                  -0.17859327625692561,
                  -0.24653754408439893,
                  -0.55201504337653684
               ],
               "output_covariance" : []
            }
         ],
         "label" : "3",
         "mixture_coeffs" : [ 0.50002813339233398, 0.49997186660766602 ],
         "parameters" : {
            "absolute_regularization" : 0.030000000000000006,
            "covariance_mode" : 0,
            "gaussians" : 2,
            "relative_regularization" : 0.10000000000000001
         }
      },
      {
         "components" : [
            {
               "bimodal" : false,
               "covariance" : [
                  0.030003539613430288,
                  1.8874569170506177e-06,
                  -3.1307801679390587e-06,
                  1.8740954937788742e-06,
                  1.8874569170506177e-06,
                  0.03000111132189864,
                  -1.7323009328181886e-06,
                  9.1682172955691071e-07,
                  -3.1307801679390587e-06,
                  -1.7323009328181886e-06,
                  0.030003191836042945,
                  -1.6188640014897077e-06,
                  1.8740954937788742e-06,
                  9.1682172955691071e-07,
                  -1.6188640014897077e-06,
                  0.030001057867836425
               ],
               "covariance_determinant" : 8.1024032062159939e-07,
               "covariance_determinant_input" : 0,
               "covariance_mode" : 0,
               "dimension" : 4,
               "dimension_input" : 0,
               "inverse_covariance" : [
                  33.329401518302873,
                  -0.0020965848850781452,
                  0.003477630908558928,
                  -0.0020817575655119186,
                  -0.0020965848850781447,
                  33.332098851095054,
                  0.0019242290513323552,
                  -0.001018382364634896,
                  0.0034776309085589271,
                  0.001924229051332355,
                  33.32978779713666,
                  0.0017982069929770906,
                  -0.0020817575655119182,
                  -0.001018382364634896,
                  0.0017982069929770904,
                  33.332158224267872
               ],
               "inverse_covariance_input" : [],
               "mean" : [
                  0.59015867261603328,
                  -0.49551445098206548,
                  -0.014645241366902201,
                  -0.63712701703062147
               ],
               "output_covariance" : []
            },
            {
               "bimodal" : false,
               "covariance" : [
                  0.030003539613430288,
                  1.8874569170506153e-06,
                  -3.1307801679390634e-06,
                  1.8740954937788739e-06,
                  1.8874569170506153e-06,
                  0.03000111132189864,
                  -1.7323009328181882e-06,
                  9.1682172955691262e-07,
                  -3.1307801679390634e-06,
                  -1.7323009328181882e-06,
                  0.030003191836042945,
                  -1.6188640014897081e-06,
                  1.8740954937788739e-06,
                  9.1682172955691262e-07,
                  -1.6188640014897081e-06,
                  0.030001057867836425
               ],
               "covariance_determinant" : 8.1024032062159939e-07,
               "covariance_determinant_input" : 0,
               "covariance_mode" : 0,
               "dimension" : 4,
               "dimension_input" : 0,
               "inverse_covariance" : [
                  33.329401518302873,
                  -0.0020965848850781426,
                  0.0034776309085589327,
                  -0.0020817575655119182,
                  -0.0020965848850781426,
                  33.332098851095054,
                  0.0019242290513323548,
                  -0.0010183823646348984,
                  0.0034776309085589319,
                  0.0019242290513323546,
                  33.32978779713666,
                  0.0017982069929770911,
                  -0.0020817575655119182,
                  -0.0010183823646348982,
                  0.0017982069929770909,
                  33.332158224267872
               ],
               "inverse_covariance_input" : [],
               "mean" : [
                  0.59015867261603328,
                  -0.49551445098206548,
                  -0.014645241366902201,
                  -0.63712701703062147
               ],
               "output_covariance" : []
            }
         ],
         "label" : "4",
         "mixture_coeffs" : [ 0.49995934963226318, 0.50004065036773682 ],
         "parameters" : {
            "absolute_regularization" : 0.030000000000000006,
            "covariance_mode" : 0,
            "gaussians" : 2,
            "relative_regularization" : 0.10000000000000001
         }
      },
      {
         "components" : [
            {
               "bimodal" : false,
               "covariance" : [
                  0.030000102614215717,
                  2.0159231212829742e-07,
                  -1.1686992868661165e-07,
                  -3.9362206820037847e-09,
                  2.0159231212829742e-07,
                  0.030000440659801082,
                  -4.4900157497594162e-07,
                  -1.2346744184033124e-07,
                  -1.1686992868661165e-07,
                  -4.4900157497594162e-07,
                  0.030001230818083251,
                  5.5153055581683582e-07,
                  -3.9362206820037847e-09,
                  -1.2346744184033124e-07,
                  5.5153055581683582e-07,
                  0.030000752427108358
               ],
               "covariance_determinant" : 8.1006821734471011e-07,
               "covariance_determinant_input" : 0,
               "covariance_mode" : 0,
               "dimension" : 4,
               "dimension_input" : 0,
               "inverse_covariance" : [
                  33.333219319939609,
                  -0.00022398544037517627,
                  0.00012984627225308651,
                  4.3701449991103516e-06,
                  -0.00022398544037517627,
                  33.332843728059729,
                  0.00049885944985727279,
                  0.00013717139050028611,
                  0.00012984627225308651,
                  0.00049885944985727279,
                  33.331965833027574,
                  -0.00061276914914116013,
                  4.3701449991103516e-06,
                  0.00013717139050028611,
                  -0.00061276914914116002,
                  33.332497336010981
               ],
               "inverse_covariance_input" : [],
               "mean" : [
                  0.86462051345377511,
                  -0.49310798760579544,
                  -0.095959982473631328,
                  -0.0065567675711853167
               ],
               "output_covariance" : []
            },
            {
               "bimodal" : false,
               "covariance" : [
                  0.030000102614215717,
                  2.0159231212829748e-07,
                  -1.1686992868661138e-07,
                  -3.9362206820038244e-09,
                  2.0159231212829748e-07,
                  0.030000440659801082,
                  -4.4900157497594168e-07,
                  -1.2346744184033129e-07,
                  -1.1686992868661138e-07,
                  -4.4900157497594168e-07,
                  0.030001230818083251,
                  5.5153055581683603e-07,
                  -3.9362206820038244e-09,
                  -1.2346744184033129e-07,
                  5.5153055581683603e-07,
                  0.030000752427108358
               ],
               "covariance_determinant" : 8.1006821734471011e-07,
               "covariance_determinant_input" : 0,
               "covariance_mode" : 0,
               "dimension" : 4,
               "dimension_input" : 0,
               "inverse_covariance" : [
                  33.333219319939609,
                  -0.00022398544037517632,
                  0.00012984627225308624,
                  4.3701449991103957e-06,
                  -0.00022398544037517632,
                  33.332843728059729,
                  0.00049885944985727279,
                  0.00013717139050028619,
                  0.00012984627225308624,
                  0.00049885944985727279,
                  33.331965833027574,
                  -0.00061276914914116035,
                  4.3701449991103957e-06,
                  0.00013717139050028616,
                  -0.00061276914914116035,
                  33.332497336010981
               ],
               "inverse_covariance_input" : [],
               "mean" : [
                  0.86462051345377555,
                  -0.49310798760579555,
                  -0.0959599824736313,
                  -0.0065567675711853185
               ],
               "output_covariance" : []
            }
         ],
         "label" : "5",
         "mixture_coeffs" : [ 0.50000458955764771, 0.49999541044235229 ],
         "parameters" : {
            "absolute_regularization" : 0.030000000000000006,
            "covariance_mode" : 0,
            "gaussians" : 2,
            "relative_regularization" : 0.10000000000000001
         }
      },
      {
         "components" : [
            {
               "bimodal" : false,
               "covariance" : [
                  0.030000100164739203,
                  3.6586095694447572e-07,
                  8.3450770203219742e-07,
                  1.2315216643091069e-06,
                  3.6586095694447572e-07,
                  0.030001338717858924,
                  3.0546472756235806e-06,
                  4.5116153942084242e-06,
                  8.3450770203219742e-07,
                  3.0546472756235806e-06,
                  0.030006995012043267,
                  1.0327387320724561e-05,
                  1.2315216643091069e-06,
                  4.5116153942084242e-06,
                  1.0327387320724561e-05,
                  0.030015274951667375
               ],
               "covariance_determinant" : 8.1064013915548289e-07,
               "covariance_determinant_input" : 0,
               "covariance_mode" : 0,
               "dimension" : 4,
               "dimension_input" : 0,
               "inverse_covariance" : [
                  33.33322212640369,
                  -0.00040619273372899373,
                  -0.00092649961836940734,
                  -0.0013672766399833414,
                  -0.00040619273372899368,
                  33.331847038920287,
                  -0.0033913748241562146,
                  -0.0050089479501280116,
                  -0.00092649961836940712,
                  -0.0033913748241562141,
                  33.325567226681372,
                  -0.011465815302499809,
                  -0.0013672766399833414,
                  -0.0050089479501280124,
                  -0.011465815302499811,
                  33.316374556103881
               ],
               "inverse_covariance_input" : [],
               "mean" : [
                  0.97810915744665894,
                  -0.078418061701637329,
                  -0.1799420906287251,
                  0.069023330159711127
               ],
               "output_covariance" : []
            },
            {
               "bimodal" : false,
               "covariance" : [
                  0.030000100164739203,
                  3.6586095694447498e-07,
                  8.3450770203219551e-07,
                  1.2315216643091044e-06,
                  3.6586095694447498e-07,
                  0.030001338717858924,
                  3.0546472756235759e-06,
                  4.5116153942084242e-06,
                  8.3450770203219551e-07,
                  3.0546472756235759e-06,
                  0.030006995012043267,
                  1.0327387320724526e-05,
                  1.2315216643091044e-06,
                  4.5116153942084242e-06,
                  1.0327387320724526e-05,
                  0.030015274951667375
               ],
               "covariance_determinant" : 8.1064013915548289e-07,
               "covariance_determinant_input" : 0,
               "covariance_mode" : 0,
               "dimension" : 4,
               "dimension_input" : 0,
               "inverse_covariance" : [
                  33.33322212640369,
                  -0.00040619273372899286,
                  -0.00092649961836940517,
                  -0.0013672766399833386,
                  -0.00040619273372899281,
                  33.331847038920287,
                  -0.0033913748241562098,
                  -0.0050089479501280116,
                  -0.00092649961836940506,
                  -0.0033913748241562094,
                  33.325567226681372,
                  -0.011465815302499769,
                  -0.0013672766399833384,
                  -0.0050089479501280124,
                  -0.011465815302499771,
                  33.316374556103881
               ],
               "inverse_covariance_input" : [],
               "mean" : [
                  0.97810915744665894,
                  -0.078418061701637329,
                  -0.1799420906287251,
                  0.069023330159711113
               ],
               "output_covariance" : []
            }
         ],
         "label" : "6",
         "mixture_coeffs" : [ 0.49987989664077759, 0.50012010335922241 ],
         "parameters" : {
            "absolute_regularization" : 0.030000000000000006,
            "covariance_mode" : 0,
            "gaussians" : 2,
            "relative_regularization" : 0.10000000000000001
         }
      }
   ],
   "shared_parameters" : {
      "bimodal" : false,
      "column_names" : [ "", "", "", "" ],
      "dimension" : 4,
      "dimension_input" : 0,
      "em_algorithm_max_iterations" : 0,
      "em_algorithm_min_iterations" : 10,
      "em_algorithm_percent_chg" : 0.01,
      "likelihood_window" : 1
   }
}
